0 0.456751 0.305743 0.191983 0.307432
0 0.717300 0.363176 0.202532 0.354730
0 0.595992 0.258446 0.149789 0.260135
0 0.463080 0.121622 0.234177 0.236486
0 0.308017 0.310811 0.194093 0.331081
0 0.881857 0.525338 0.185654 0.266892
0 0.783755 0.722973 0.204641 0.297297
0 0.917722 0.760135 0.151899 0.263514
0 0.921941 0.942568 0.151899 0.114865
0 0.701477 0.918919 0.272152 0.162162
0 0.594937 0.824324 0.223629 0.290541
0 0.630802 0.560811 0.257384 0.398649
0 0.426160 0.599662 0.261603 0.361486
0 0.389241 0.875000 0.242616 0.250000
0 0.195148 0.841216 0.204641 0.310811
0 0.046414 0.937500 0.088608 0.125000
0 0.061181 0.756757 0.118143 0.290541
0 0.206751 0.532095 0.240506 0.381757
0 0.183544 0.312500 0.113924 0.226351
0 0.073840 0.552365 0.143460 0.260135
