0 0.139719 0.088972 0.254833 0.157895
0 0.268893 0.151629 0.267135 0.223058
0 0.505272 0.116541 0.191564 0.177945
0 0.768014 0.200501 0.404218 0.290727
0 0.581722 0.283208 0.203866 0.275689
0 0.427944 0.333333 0.212654 0.225564
0 0.317223 0.398496 0.152900 0.190476
0 0.190685 0.343358 0.233743 0.285714
0 0.049209 0.310777 0.094903 0.300752
0 0.089631 0.498747 0.144112 0.165414
0 0.175747 0.612782 0.249561 0.253133
0 0.366432 0.550125 0.181019 0.208020
0 0.500879 0.521303 0.158172 0.250627
0 0.671353 0.550125 0.196837 0.313283
0 0.853251 0.484962 0.191564 0.278195
0 0.832162 0.669173 0.191564 0.240602
0 0.940246 0.768170 0.119508 0.208020
0 0.810193 0.827068 0.196837 0.225564
0 0.674868 0.756892 0.203866 0.300752
0 0.496485 0.764411 0.244288 0.310777
0 0.312830 0.746867 0.210896 0.235589
0 0.210018 0.867168 0.237258 0.265664
0 0.384007 0.921053 0.156415 0.157895
0 0.530756 0.936090 0.210896 0.127820
0 0.869069 0.941103 0.181019 0.117794
0 0.689807 0.922306 0.191564 0.155388
