0 0.396667 0.254500 0.276000 0.121000
0 0.702667 0.275000 0.256000 0.228000
0 0.572000 0.348000 0.229333 0.210000
0 0.751333 0.448500 0.188000 0.173000
0 0.893333 0.519500 0.165333 0.199000
0 0.363333 0.371000 0.286667 0.122000
0 0.224667 0.412500 0.241333 0.215000
0 0.282000 0.538000 0.206667 0.182000
0 0.502000 0.473000 0.300000 0.098000
0 0.664000 0.531500 0.250667 0.085000
0 0.771333 0.626000 0.281333 0.098000
0 0.796667 0.768000 0.220000 0.158000
0 0.606000 0.851000 0.278667 0.116000
0 0.609333 0.731500 0.250667 0.137000
0 0.429333 0.605000 0.157333 0.188000
0 0.414667 0.725000 0.229333 0.198000
0 0.315333 0.756000 0.217333 0.130000
0 0.239333 0.646500 0.225333 0.097000
0 0.106000 0.591500 0.169333 0.147000
0 0.567333 0.603500 0.180000 0.175000
