1 0.110084 0.613793 0.129412 0.128736
1 0.184034 0.526437 0.139496 0.160920
1 0.302521 0.581609 0.094118 0.128736
1 0.447899 0.735632 0.109244 0.124138
1 0.347899 0.708046 0.077311 0.114943
1 0.348739 0.857471 0.213445 0.206897
1 0.675630 0.718391 0.134454 0.149425
1 0.626891 0.480460 0.067227 0.091954
1 0.718487 0.411494 0.068908 0.101149
1 0.724370 0.289655 0.077311 0.091954
1 0.801681 0.306897 0.067227 0.094253
1 0.836134 0.429885 0.078992 0.128736
1 0.780672 0.457471 0.075630 0.110345
1 0.888235 0.357471 0.062185 0.112644
1 0.958824 0.259770 0.045378 0.059770
2 0.561345 0.388506 0.137815 0.137931
2 0.566387 0.562069 0.117647 0.131034
2 0.449580 0.597701 0.115966 0.110345
1 0.333613 0.398851 0.068908 0.071264
